{
 "cells": [
  {
   "cell_type": "code",
   "execution_count": 10,
   "metadata": {},
   "outputs": [
    {
     "name": "stdout",
     "output_type": "stream",
     "text": [
      "                 Factor1   Factor2   Factor3   Factor4\n",
      "SS Loadings     1.669917  2.026390  1.225389  1.065944\n",
      "Proportion Var  0.119280  0.144742  0.087528  0.076139\n",
      "Cumulative Var  0.119280  0.264022  0.351550  0.427689\n"
     ]
    }
   ],
   "source": [
    "from pandas import read_csv, DataFrame\n",
    "from factor_analyzer import FactorAnalyzer\n",
    "\n",
    "project_home = '/Users/catcamacho/Box/SNAP/BABIES/misc/'\n",
    "ibq_data = read_csv(project_home + '2kmeans_group_fulldata.csv', index_col=0)\n",
    "features=ibq_data.iloc[:,20:34]\n",
    "\n",
    "fa = FactorAnalyzer()\n",
    "fa.analyze(features,4,rotation='varimax', method='ml', normalize=False)\n",
    "print(fa.get_factor_variance())"
   ]
  },
  {
   "cell_type": "code",
   "execution_count": 18,
   "metadata": {},
   "outputs": [
    {
     "name": "stdout",
     "output_type": "stream",
     "text": [
      "                              Factor1   Factor2   Factor3   Factor4\n",
      "soothability_std            -0.168322  0.155966  0.028669  0.689118\n",
      "cuddliness_std              -0.148588  0.006343  0.136304  0.405456\n",
      "low_intensity_pleasure_std  -0.147038  0.087867  0.875574  0.035118\n",
      "smiling_laughter_std        -0.089197  0.885025  0.015918 -0.008592\n",
      "duration_of_orienting_std   -0.019444  0.153948  0.231494 -0.120448\n",
      "approach_std                 0.062266  0.394005  0.185539  0.117831\n",
      "perceptual_sensitivity_std   0.113062  0.277697  0.433017  0.169777\n",
      "high_intensity_pleasure_std  0.117770  0.722982  0.161943  0.168434\n",
      "vocal_reactivity_std         0.149499  0.622966  0.095499 -0.033897\n",
      "activity_level_std           0.332256  0.140823  0.026257 -0.333004\n",
      "fear_std                     0.362988  0.135052  0.150967 -0.104920\n",
      "falling_reactivity_std       0.406389  0.047414 -0.261504 -0.441954\n",
      "sadness_std                  0.535803 -0.059879  0.126804 -0.114292\n",
      "distress_to_limitations_std  0.917759  0.016885 -0.142468 -0.091308\n"
     ]
    }
   ],
   "source": [
    "loadings = fa.loadings\n",
    "loadings = loadings.sort_values('Factor1')\n",
    "print(loadings)"
   ]
  },
  {
   "cell_type": "code",
   "execution_count": 12,
   "metadata": {},
   "outputs": [
    {
     "name": "stdout",
     "output_type": "stream",
     "text": [
      "[[ 0.87966297 -0.14307507 -0.38661749 -0.23716979]\n",
      " [ 0.28884776  0.90937124  0.29681155  0.03890795]\n",
      " [ 0.31080083 -0.38115721  0.86997882 -0.03548073]\n",
      " [ 0.21485549 -0.08539708 -0.07461015  0.97004009]]\n"
     ]
    },
    {
     "data": {
      "text/html": [
       "<div>\n",
       "<style scoped>\n",
       "    .dataframe tbody tr th:only-of-type {\n",
       "        vertical-align: middle;\n",
       "    }\n",
       "\n",
       "    .dataframe tbody tr th {\n",
       "        vertical-align: top;\n",
       "    }\n",
       "\n",
       "    .dataframe thead th {\n",
       "        text-align: right;\n",
       "    }\n",
       "</style>\n",
       "<table border=\"1\" class=\"dataframe\">\n",
       "  <thead>\n",
       "    <tr style=\"text-align: right;\">\n",
       "      <th></th>\n",
       "      <th>activity_level_std</th>\n",
       "      <th>distress_to_limitations_std</th>\n",
       "      <th>fear_std</th>\n",
       "      <th>duration_of_orienting_std</th>\n",
       "      <th>smiling_laughter_std</th>\n",
       "      <th>high_intensity_pleasure_std</th>\n",
       "      <th>low_intensity_pleasure_std</th>\n",
       "      <th>soothability_std</th>\n",
       "      <th>falling_reactivity_std</th>\n",
       "      <th>cuddliness_std</th>\n",
       "      <th>perceptual_sensitivity_std</th>\n",
       "      <th>sadness_std</th>\n",
       "      <th>approach_std</th>\n",
       "      <th>vocal_reactivity_std</th>\n",
       "    </tr>\n",
       "  </thead>\n",
       "  <tbody>\n",
       "    <tr>\n",
       "      <th>activity_level_std</th>\n",
       "      <td>1.000000</td>\n",
       "      <td>0.333193</td>\n",
       "      <td>0.138731</td>\n",
       "      <td>-0.027455</td>\n",
       "      <td>0.069299</td>\n",
       "      <td>0.082028</td>\n",
       "      <td>-0.033545</td>\n",
       "      <td>-0.265843</td>\n",
       "      <td>0.277100</td>\n",
       "      <td>-0.306503</td>\n",
       "      <td>0.146078</td>\n",
       "      <td>0.137617</td>\n",
       "      <td>0.137136</td>\n",
       "      <td>0.210407</td>\n",
       "    </tr>\n",
       "    <tr>\n",
       "      <th>distress_to_limitations_std</th>\n",
       "      <td>0.333193</td>\n",
       "      <td>1.000000</td>\n",
       "      <td>0.321728</td>\n",
       "      <td>-0.017143</td>\n",
       "      <td>-0.068475</td>\n",
       "      <td>0.084217</td>\n",
       "      <td>-0.261313</td>\n",
       "      <td>-0.215286</td>\n",
       "      <td>0.458384</td>\n",
       "      <td>-0.187513</td>\n",
       "      <td>0.027541</td>\n",
       "      <td>0.483486</td>\n",
       "      <td>0.022444</td>\n",
       "      <td>0.132455</td>\n",
       "    </tr>\n",
       "    <tr>\n",
       "      <th>fear_std</th>\n",
       "      <td>0.138731</td>\n",
       "      <td>0.321728</td>\n",
       "      <td>1.000000</td>\n",
       "      <td>-0.004837</td>\n",
       "      <td>0.103163</td>\n",
       "      <td>0.188304</td>\n",
       "      <td>0.086638</td>\n",
       "      <td>-0.127861</td>\n",
       "      <td>0.097546</td>\n",
       "      <td>-0.129256</td>\n",
       "      <td>0.144218</td>\n",
       "      <td>0.296637</td>\n",
       "      <td>-0.094683</td>\n",
       "      <td>0.153388</td>\n",
       "    </tr>\n",
       "    <tr>\n",
       "      <th>duration_of_orienting_std</th>\n",
       "      <td>-0.027455</td>\n",
       "      <td>-0.017143</td>\n",
       "      <td>-0.004837</td>\n",
       "      <td>1.000000</td>\n",
       "      <td>0.179122</td>\n",
       "      <td>0.068593</td>\n",
       "      <td>0.228060</td>\n",
       "      <td>-0.068830</td>\n",
       "      <td>-0.002903</td>\n",
       "      <td>-0.027960</td>\n",
       "      <td>0.122637</td>\n",
       "      <td>-0.020068</td>\n",
       "      <td>0.203084</td>\n",
       "      <td>0.036169</td>\n",
       "    </tr>\n",
       "    <tr>\n",
       "      <th>smiling_laughter_std</th>\n",
       "      <td>0.069299</td>\n",
       "      <td>-0.068475</td>\n",
       "      <td>0.103163</td>\n",
       "      <td>0.179122</td>\n",
       "      <td>1.000000</td>\n",
       "      <td>0.636495</td>\n",
       "      <td>0.102073</td>\n",
       "      <td>0.147073</td>\n",
       "      <td>0.007978</td>\n",
       "      <td>0.008544</td>\n",
       "      <td>0.248414</td>\n",
       "      <td>-0.094196</td>\n",
       "      <td>0.328125</td>\n",
       "      <td>0.533673</td>\n",
       "    </tr>\n",
       "    <tr>\n",
       "      <th>high_intensity_pleasure_std</th>\n",
       "      <td>0.082028</td>\n",
       "      <td>0.084217</td>\n",
       "      <td>0.188304</td>\n",
       "      <td>0.068593</td>\n",
       "      <td>0.636495</td>\n",
       "      <td>1.000000</td>\n",
       "      <td>0.198792</td>\n",
       "      <td>0.184359</td>\n",
       "      <td>-0.077456</td>\n",
       "      <td>0.128025</td>\n",
       "      <td>0.246887</td>\n",
       "      <td>0.032134</td>\n",
       "      <td>0.332167</td>\n",
       "      <td>0.497723</td>\n",
       "    </tr>\n",
       "    <tr>\n",
       "      <th>low_intensity_pleasure_std</th>\n",
       "      <td>-0.033545</td>\n",
       "      <td>-0.261313</td>\n",
       "      <td>0.086638</td>\n",
       "      <td>0.228060</td>\n",
       "      <td>0.102073</td>\n",
       "      <td>0.198792</td>\n",
       "      <td>1.000000</td>\n",
       "      <td>0.086389</td>\n",
       "      <td>-0.298206</td>\n",
       "      <td>0.161951</td>\n",
       "      <td>0.387698</td>\n",
       "      <td>0.022685</td>\n",
       "      <td>0.179581</td>\n",
       "      <td>0.124120</td>\n",
       "    </tr>\n",
       "    <tr>\n",
       "      <th>soothability_std</th>\n",
       "      <td>-0.265843</td>\n",
       "      <td>-0.215286</td>\n",
       "      <td>-0.127861</td>\n",
       "      <td>-0.068830</td>\n",
       "      <td>0.147073</td>\n",
       "      <td>0.184359</td>\n",
       "      <td>0.086389</td>\n",
       "      <td>1.000000</td>\n",
       "      <td>-0.385999</td>\n",
       "      <td>0.268054</td>\n",
       "      <td>0.188367</td>\n",
       "      <td>-0.202128</td>\n",
       "      <td>0.186864</td>\n",
       "      <td>0.071720</td>\n",
       "    </tr>\n",
       "    <tr>\n",
       "      <th>falling_reactivity_std</th>\n",
       "      <td>0.277100</td>\n",
       "      <td>0.458384</td>\n",
       "      <td>0.097546</td>\n",
       "      <td>-0.002903</td>\n",
       "      <td>0.007978</td>\n",
       "      <td>-0.077456</td>\n",
       "      <td>-0.298206</td>\n",
       "      <td>-0.385999</td>\n",
       "      <td>1.000000</td>\n",
       "      <td>-0.247401</td>\n",
       "      <td>-0.129952</td>\n",
       "      <td>0.209369</td>\n",
       "      <td>0.046358</td>\n",
       "      <td>0.103096</td>\n",
       "    </tr>\n",
       "    <tr>\n",
       "      <th>cuddliness_std</th>\n",
       "      <td>-0.306503</td>\n",
       "      <td>-0.187513</td>\n",
       "      <td>-0.129256</td>\n",
       "      <td>-0.027960</td>\n",
       "      <td>0.008544</td>\n",
       "      <td>0.128025</td>\n",
       "      <td>0.161951</td>\n",
       "      <td>0.268054</td>\n",
       "      <td>-0.247401</td>\n",
       "      <td>1.000000</td>\n",
       "      <td>0.108922</td>\n",
       "      <td>-0.114444</td>\n",
       "      <td>0.056479</td>\n",
       "      <td>-0.021007</td>\n",
       "    </tr>\n",
       "    <tr>\n",
       "      <th>perceptual_sensitivity_std</th>\n",
       "      <td>0.146078</td>\n",
       "      <td>0.027541</td>\n",
       "      <td>0.144218</td>\n",
       "      <td>0.122637</td>\n",
       "      <td>0.248414</td>\n",
       "      <td>0.246887</td>\n",
       "      <td>0.387698</td>\n",
       "      <td>0.188367</td>\n",
       "      <td>-0.129952</td>\n",
       "      <td>0.108922</td>\n",
       "      <td>1.000000</td>\n",
       "      <td>0.071355</td>\n",
       "      <td>0.392212</td>\n",
       "      <td>0.192372</td>\n",
       "    </tr>\n",
       "    <tr>\n",
       "      <th>sadness_std</th>\n",
       "      <td>0.137617</td>\n",
       "      <td>0.483486</td>\n",
       "      <td>0.296637</td>\n",
       "      <td>-0.020068</td>\n",
       "      <td>-0.094196</td>\n",
       "      <td>0.032134</td>\n",
       "      <td>0.022685</td>\n",
       "      <td>-0.202128</td>\n",
       "      <td>0.209369</td>\n",
       "      <td>-0.114444</td>\n",
       "      <td>0.071355</td>\n",
       "      <td>1.000000</td>\n",
       "      <td>-0.011414</td>\n",
       "      <td>0.061608</td>\n",
       "    </tr>\n",
       "    <tr>\n",
       "      <th>approach_std</th>\n",
       "      <td>0.137136</td>\n",
       "      <td>0.022444</td>\n",
       "      <td>-0.094683</td>\n",
       "      <td>0.203084</td>\n",
       "      <td>0.328125</td>\n",
       "      <td>0.332167</td>\n",
       "      <td>0.179581</td>\n",
       "      <td>0.186864</td>\n",
       "      <td>0.046358</td>\n",
       "      <td>0.056479</td>\n",
       "      <td>0.392212</td>\n",
       "      <td>-0.011414</td>\n",
       "      <td>1.000000</td>\n",
       "      <td>0.260434</td>\n",
       "    </tr>\n",
       "    <tr>\n",
       "      <th>vocal_reactivity_std</th>\n",
       "      <td>0.210407</td>\n",
       "      <td>0.132455</td>\n",
       "      <td>0.153388</td>\n",
       "      <td>0.036169</td>\n",
       "      <td>0.533673</td>\n",
       "      <td>0.497723</td>\n",
       "      <td>0.124120</td>\n",
       "      <td>0.071720</td>\n",
       "      <td>0.103096</td>\n",
       "      <td>-0.021007</td>\n",
       "      <td>0.192372</td>\n",
       "      <td>0.061608</td>\n",
       "      <td>0.260434</td>\n",
       "      <td>1.000000</td>\n",
       "    </tr>\n",
       "  </tbody>\n",
       "</table>\n",
       "</div>"
      ],
      "text/plain": [
       "                             activity_level_std  distress_to_limitations_std  \\\n",
       "activity_level_std                     1.000000                     0.333193   \n",
       "distress_to_limitations_std            0.333193                     1.000000   \n",
       "fear_std                               0.138731                     0.321728   \n",
       "duration_of_orienting_std             -0.027455                    -0.017143   \n",
       "smiling_laughter_std                   0.069299                    -0.068475   \n",
       "high_intensity_pleasure_std            0.082028                     0.084217   \n",
       "low_intensity_pleasure_std            -0.033545                    -0.261313   \n",
       "soothability_std                      -0.265843                    -0.215286   \n",
       "falling_reactivity_std                 0.277100                     0.458384   \n",
       "cuddliness_std                        -0.306503                    -0.187513   \n",
       "perceptual_sensitivity_std             0.146078                     0.027541   \n",
       "sadness_std                            0.137617                     0.483486   \n",
       "approach_std                           0.137136                     0.022444   \n",
       "vocal_reactivity_std                   0.210407                     0.132455   \n",
       "\n",
       "                             fear_std  duration_of_orienting_std  \\\n",
       "activity_level_std           0.138731                  -0.027455   \n",
       "distress_to_limitations_std  0.321728                  -0.017143   \n",
       "fear_std                     1.000000                  -0.004837   \n",
       "duration_of_orienting_std   -0.004837                   1.000000   \n",
       "smiling_laughter_std         0.103163                   0.179122   \n",
       "high_intensity_pleasure_std  0.188304                   0.068593   \n",
       "low_intensity_pleasure_std   0.086638                   0.228060   \n",
       "soothability_std            -0.127861                  -0.068830   \n",
       "falling_reactivity_std       0.097546                  -0.002903   \n",
       "cuddliness_std              -0.129256                  -0.027960   \n",
       "perceptual_sensitivity_std   0.144218                   0.122637   \n",
       "sadness_std                  0.296637                  -0.020068   \n",
       "approach_std                -0.094683                   0.203084   \n",
       "vocal_reactivity_std         0.153388                   0.036169   \n",
       "\n",
       "                             smiling_laughter_std  \\\n",
       "activity_level_std                       0.069299   \n",
       "distress_to_limitations_std             -0.068475   \n",
       "fear_std                                 0.103163   \n",
       "duration_of_orienting_std                0.179122   \n",
       "smiling_laughter_std                     1.000000   \n",
       "high_intensity_pleasure_std              0.636495   \n",
       "low_intensity_pleasure_std               0.102073   \n",
       "soothability_std                         0.147073   \n",
       "falling_reactivity_std                   0.007978   \n",
       "cuddliness_std                           0.008544   \n",
       "perceptual_sensitivity_std               0.248414   \n",
       "sadness_std                             -0.094196   \n",
       "approach_std                             0.328125   \n",
       "vocal_reactivity_std                     0.533673   \n",
       "\n",
       "                             high_intensity_pleasure_std  \\\n",
       "activity_level_std                              0.082028   \n",
       "distress_to_limitations_std                     0.084217   \n",
       "fear_std                                        0.188304   \n",
       "duration_of_orienting_std                       0.068593   \n",
       "smiling_laughter_std                            0.636495   \n",
       "high_intensity_pleasure_std                     1.000000   \n",
       "low_intensity_pleasure_std                      0.198792   \n",
       "soothability_std                                0.184359   \n",
       "falling_reactivity_std                         -0.077456   \n",
       "cuddliness_std                                  0.128025   \n",
       "perceptual_sensitivity_std                      0.246887   \n",
       "sadness_std                                     0.032134   \n",
       "approach_std                                    0.332167   \n",
       "vocal_reactivity_std                            0.497723   \n",
       "\n",
       "                             low_intensity_pleasure_std  soothability_std  \\\n",
       "activity_level_std                            -0.033545         -0.265843   \n",
       "distress_to_limitations_std                   -0.261313         -0.215286   \n",
       "fear_std                                       0.086638         -0.127861   \n",
       "duration_of_orienting_std                      0.228060         -0.068830   \n",
       "smiling_laughter_std                           0.102073          0.147073   \n",
       "high_intensity_pleasure_std                    0.198792          0.184359   \n",
       "low_intensity_pleasure_std                     1.000000          0.086389   \n",
       "soothability_std                               0.086389          1.000000   \n",
       "falling_reactivity_std                        -0.298206         -0.385999   \n",
       "cuddliness_std                                 0.161951          0.268054   \n",
       "perceptual_sensitivity_std                     0.387698          0.188367   \n",
       "sadness_std                                    0.022685         -0.202128   \n",
       "approach_std                                   0.179581          0.186864   \n",
       "vocal_reactivity_std                           0.124120          0.071720   \n",
       "\n",
       "                             falling_reactivity_std  cuddliness_std  \\\n",
       "activity_level_std                         0.277100       -0.306503   \n",
       "distress_to_limitations_std                0.458384       -0.187513   \n",
       "fear_std                                   0.097546       -0.129256   \n",
       "duration_of_orienting_std                 -0.002903       -0.027960   \n",
       "smiling_laughter_std                       0.007978        0.008544   \n",
       "high_intensity_pleasure_std               -0.077456        0.128025   \n",
       "low_intensity_pleasure_std                -0.298206        0.161951   \n",
       "soothability_std                          -0.385999        0.268054   \n",
       "falling_reactivity_std                     1.000000       -0.247401   \n",
       "cuddliness_std                            -0.247401        1.000000   \n",
       "perceptual_sensitivity_std                -0.129952        0.108922   \n",
       "sadness_std                                0.209369       -0.114444   \n",
       "approach_std                               0.046358        0.056479   \n",
       "vocal_reactivity_std                       0.103096       -0.021007   \n",
       "\n",
       "                             perceptual_sensitivity_std  sadness_std  \\\n",
       "activity_level_std                             0.146078     0.137617   \n",
       "distress_to_limitations_std                    0.027541     0.483486   \n",
       "fear_std                                       0.144218     0.296637   \n",
       "duration_of_orienting_std                      0.122637    -0.020068   \n",
       "smiling_laughter_std                           0.248414    -0.094196   \n",
       "high_intensity_pleasure_std                    0.246887     0.032134   \n",
       "low_intensity_pleasure_std                     0.387698     0.022685   \n",
       "soothability_std                               0.188367    -0.202128   \n",
       "falling_reactivity_std                        -0.129952     0.209369   \n",
       "cuddliness_std                                 0.108922    -0.114444   \n",
       "perceptual_sensitivity_std                     1.000000     0.071355   \n",
       "sadness_std                                    0.071355     1.000000   \n",
       "approach_std                                   0.392212    -0.011414   \n",
       "vocal_reactivity_std                           0.192372     0.061608   \n",
       "\n",
       "                             approach_std  vocal_reactivity_std  \n",
       "activity_level_std               0.137136              0.210407  \n",
       "distress_to_limitations_std      0.022444              0.132455  \n",
       "fear_std                        -0.094683              0.153388  \n",
       "duration_of_orienting_std        0.203084              0.036169  \n",
       "smiling_laughter_std             0.328125              0.533673  \n",
       "high_intensity_pleasure_std      0.332167              0.497723  \n",
       "low_intensity_pleasure_std       0.179581              0.124120  \n",
       "soothability_std                 0.186864              0.071720  \n",
       "falling_reactivity_std           0.046358              0.103096  \n",
       "cuddliness_std                   0.056479             -0.021007  \n",
       "perceptual_sensitivity_std       0.392212              0.192372  \n",
       "sadness_std                     -0.011414              0.061608  \n",
       "approach_std                     1.000000              0.260434  \n",
       "vocal_reactivity_std             0.260434              1.000000  "
      ]
     },
     "execution_count": 12,
     "metadata": {},
     "output_type": "execute_result"
    }
   ],
   "source": [
    "print(fa.rotation_matrix)\n",
    "fa.corr"
   ]
  },
  {
   "cell_type": "code",
   "execution_count": 16,
   "metadata": {},
   "outputs": [
    {
     "data": {
      "text/html": [
       "<div>\n",
       "<style scoped>\n",
       "    .dataframe tbody tr th:only-of-type {\n",
       "        vertical-align: middle;\n",
       "    }\n",
       "\n",
       "    .dataframe tbody tr th {\n",
       "        vertical-align: top;\n",
       "    }\n",
       "\n",
       "    .dataframe thead th {\n",
       "        text-align: right;\n",
       "    }\n",
       "</style>\n",
       "<table border=\"1\" class=\"dataframe\">\n",
       "  <thead>\n",
       "    <tr style=\"text-align: right;\">\n",
       "      <th></th>\n",
       "      <th>Factor1</th>\n",
       "      <th>Factor2</th>\n",
       "      <th>Factor3</th>\n",
       "      <th>Factor4</th>\n",
       "    </tr>\n",
       "  </thead>\n",
       "  <tbody>\n",
       "    <tr>\n",
       "      <th>0</th>\n",
       "      <td>2.052714</td>\n",
       "      <td>-0.610370</td>\n",
       "      <td>-0.083601</td>\n",
       "      <td>-1.128393</td>\n",
       "    </tr>\n",
       "    <tr>\n",
       "      <th>1</th>\n",
       "      <td>0.045745</td>\n",
       "      <td>1.640963</td>\n",
       "      <td>0.761754</td>\n",
       "      <td>0.773885</td>\n",
       "    </tr>\n",
       "    <tr>\n",
       "      <th>2</th>\n",
       "      <td>2.120414</td>\n",
       "      <td>-0.437671</td>\n",
       "      <td>-0.897345</td>\n",
       "      <td>0.119092</td>\n",
       "    </tr>\n",
       "    <tr>\n",
       "      <th>3</th>\n",
       "      <td>0.531571</td>\n",
       "      <td>-0.025683</td>\n",
       "      <td>0.448752</td>\n",
       "      <td>-1.695523</td>\n",
       "    </tr>\n",
       "    <tr>\n",
       "      <th>4</th>\n",
       "      <td>0.239316</td>\n",
       "      <td>0.195297</td>\n",
       "      <td>0.482417</td>\n",
       "      <td>1.335272</td>\n",
       "    </tr>\n",
       "  </tbody>\n",
       "</table>\n",
       "</div>"
      ],
      "text/plain": [
       "    Factor1   Factor2   Factor3   Factor4\n",
       "0  2.052714 -0.610370 -0.083601 -1.128393\n",
       "1  0.045745  1.640963  0.761754  0.773885\n",
       "2  2.120414 -0.437671 -0.897345  0.119092\n",
       "3  0.531571 -0.025683  0.448752 -1.695523\n",
       "4  0.239316  0.195297  0.482417  1.335272"
      ]
     },
     "execution_count": 16,
     "metadata": {},
     "output_type": "execute_result"
    }
   ],
   "source": [
    "fa.get_scores(features).head()\n"
   ]
  }
 ],
 "metadata": {
  "kernelspec": {
   "display_name": "Python 3",
   "language": "python",
   "name": "python3"
  },
  "language_info": {
   "codemirror_mode": {
    "name": "ipython",
    "version": 3
   },
   "file_extension": ".py",
   "mimetype": "text/x-python",
   "name": "python",
   "nbconvert_exporter": "python",
   "pygments_lexer": "ipython3",
   "version": "3.6.3"
  }
 },
 "nbformat": 4,
 "nbformat_minor": 2
}
